5.15 1.01
5.05 1.41
4.87 1.7
4.61 1.94
4.28 2.16
4.01 2.33
3.72 2.4
3.42 2.43
3.05 2.45
2.69 2.28
2.43 2.13
2.18 2.01
1.94 1.79
1.82 1.59
1.53 1.32
1.3 1.1
1 1
0.7 0.95
0.45 0.98
0.15 1.07
-0.06 1.17
-0.23 1.35
-0.39 1.55
-0.62 1.74
-0.87 1.95
-1.08 2.16
-1.26 2.37
-1.46 2.52
-1.69 2.7
-2 3
-2.36 3.17
-2.63 3.23
-2.92 3.23
-3.2 3.07
-3.41 2.82
-3.56 2.58
-3.7 2.22
-3.77 1.92
-3.77 1.58
-3.74 1.28
-3.68 1.01
-3.61 0.75
-3.43 0.5
-3.26 0.3
-3.08 0.14
-2.86 -0.08
-2.66 -0.24
-2.48 -0.39
-2.29 -0.6
-2.08 -0.78
-1.85 -0.96
-1.7 -1.14
-1.48 -1.38
-1.08 -1.56
-0.73 -1.62
-0.38 -1.52
-0.09 -1.25
0.22 -0.96
0.57 -0.69
0.94 -0.66
1.27 -0.72
1.55 -0.9
1.79 -1.1
2.01 -1.26
2.33 -1.31
2.7 -1.29
3.09 -1.23
3.5 -1.14
4 -1
4.36 -0.78
4.81 -0.45
5.15 -0.12
5.24 0.26
5.26 0.63